MEME version 4

ALPHABET= ACGT

Background letter frequencies
A 0.25 C 0.25 G 0.25 T 0.25 

MOTIF motif_name
letter-probability matrix: 
 0.000000  0.176471  0.000000  0.823529 
 0.000000  0.058824  0.647059  0.294118 
 0.000000  0.058824  0.000000  0.941176 
 0.176471  0.000000  0.764706  0.058824 
 0.823529  0.058824  0.000000  0.117647 
 0.294118  0.176471  0.176471  0.352941 
 0.294118  0.352941  0.235294  0.117647 
 0.117647  0.235294  0.352941  0.294118 
 0.529412  0.000000  0.176471  0.294118 
 0.058824  0.235294  0.588235  0.117647 
 0.176471  0.235294  0.294118  0.294118 
 0.000000  0.058824  0.117647  0.823529 
 0.058824  0.882353  0.000000  0.058824 
 0.764706  0.000000  0.176471  0.058824 
 0.058824  0.882353  0.000000  0.058824 
 0.823529  0.058824  0.058824  0.058824 
 0.176471  0.411765  0.058824  0.352941 
 0.411765  0.000000  0.000000  0.588235 
 0.352941  0.058824  0.000000  0.588235 